place(8.853, 1.270, 22.158, "Minigunner", 1850)
place(5.717, 1.299, 21.922, "Minigunner", 1850)
upgrade(5.717, 2.649, 21.922, 400)
upgrade(8.853, 2.620, 22.158, 400)
place(6.609, 0.938, 18.981, "Minigunner", 1850)
place(6.873, 0.944, 19.049, "Minigunner", 1850)
place(10.473, 0.781, 18.879, "Tesla", 2500)
place(10.185, 0.883, 19.385, "Commander", 650)
upgrade(6.873, 2.294, 19.049, 400)
upgrade(10.185, 2.533, 19.385, 400)
place(11.923, 1.232, 22.492, "Minigunner", 1850)
upgrade(11.923, 2.582, 22.492, 400)
