place(-10.960, 1.440, 33.182, "Farm", 300)
upgrade(-10.960, 2.565, 33.182, 200)
upgrade(-10.960, 2.565, 33.182, 600)
place(-12.369, 1.523, 29.772, "Farm", 300)
upgrade(-12.369, 2.648, 29.772, 200)
place(-11.906, 1.338, 36.668, "Farm", 300)
upgrade(-10.960, 2.565, 33.182, 1250)
upgrade(-12.369, 2.648, 29.772, 600)
place(-12.040, 1.335, 36.696, "Farm", 300)
upgrade(-12.040, 2.460, 36.696, 200)
place(-12.083, 1.232, 40.225, "Farm", 300)
upgrade(-12.040, 2.460, 36.696, 600)
upgrade(-12.083, 2.357, 40.225, 200)
upgrade(-12.083, 2.357, 40.225, 600)
place(9.031, 1.248, 21.984, "Boomerang", 550)
upgrade(9.031, 2.609, 21.984, 400)
upgrade(9.031, 2.609, 21.984, 750)
place(-12.535, 1.556, 26.018, "Farm", 300)
upgrade(-12.535, 2.681, 26.018, 200)
upgrade(-12.535, 2.681, 26.018, 600)
place(-16.744, 1.503, 25.276, "Farm", 300)
place(-16.139, 1.516, 25.979, "Farm", 300)
upgrade(-16.139, 2.641, 25.979, 200)
upgrade(-16.139, 2.641, 25.979, 600)
place(-16.232, 1.528, 29.896, "Farm", 300)
place(-16.131, 1.530, 29.945, "Farm", 300)
place(-15.897, 1.537, 29.668, "Farm", 300)
upgrade(-15.897, 2.662, 29.668, 200)
upgrade(-15.897, 2.662, 29.668, 600)
place(-14.780, 1.509, 33.361, "Farm", 300)
upgrade(-14.780, 2.634, 33.361, 200)
upgrade(-14.780, 2.634, 33.361, 600)
place(-16.103, 1.374, 36.975, "Farm", 300)
place(-15.929, 1.377, 36.924, "Farm", 300)
upgrade(-15.929, 2.502, 36.924, 200)
upgrade(-15.929, 2.502, 36.924, 600)
place(-16.295, 1.142, 40.889, "Farm", 300)
upgrade(-16.295, 2.267, 40.889, 200)
upgrade(-16.295, 2.267, 40.889, 600)
place(6.021, 1.278, 21.775, "Boomerang", 550)
upgrade(6.021, 2.639, 21.775, 400)
upgrade(6.021, 2.639, 21.775, 750)
place(6.580, 0.792, 18.193, "Freezer", 425)
place(9.770, 0.788, 18.745, "Freezer", 425)
upgrade(6.580, 2.142, 18.193, 225)
upgrade(6.580, 2.142, 18.193, 650)
upgrade(9.770, 2.138, 18.745, 225)
upgrade(9.770, 2.138, 18.745, 650)
upgrade(9.770, 2.138, 18.745, 2000)
upgrade(6.580, 2.142, 18.193, 2000)
upgrade(-16.139, 2.641, 25.979, 1250)
upgrade(-12.535, 2.681, 26.018, 1250)
upgrade(-15.897, 2.662, 29.668, 1250)
upgrade(-12.369, 2.648, 29.772, 1250)
upgrade(-15.897, 2.662, 29.668, 2500)
upgrade(-14.780, 2.634, 33.361, 1250)
upgrade(-10.960, 2.565, 33.182, 2500)
upgrade(-15.929, 2.502, 36.924, 1250)
upgrade(-12.040, 2.460, 36.696, 1250)
upgrade(-12.083, 2.357, 40.225, 1250)
upgrade(-16.295, 2.267, 40.889, 1250)
upgrade(6.021, 2.639, 21.775, 2500)
upgrade(9.031, 2.609, 21.984, 2500)
upgrade(6.021, 2.639, 21.775, 7000)
upgrade(9.031, 2.609, 21.984, 7000)
place(2.844, 1.329, 21.661, "Crook Boss", 1600)
place(2.864, 1.368, 22.288, "Crook Boss", 1600)
place(2.913, 1.367, 22.279, "Crook Boss", 1600)
upgrade(2.913, 2.717, 22.279, 1150)
upgrade(2.913, 2.717, 22.279, 3400)
place(2.969, 1.237, 19.259, "Crook Boss", 1600)
place(3.101, 1.183, 18.967, "Crook Boss", 1600)
upgrade(3.101, 2.533, 18.967, 1150)
upgrade(3.101, 2.533, 18.967, 3400)
place(-0.215, 1.398, 22.391, "Crook Boss", 1600)
place(-0.148, 1.401, 22.542, "Crook Boss", 1600)
place(-0.148, 1.401, 22.542, "Crook Boss", 1600)
place(-0.084, 1.400, 22.527, "Crook Boss", 1600)
upgrade(-0.084, 2.750, 22.527, 1150)
upgrade(-0.084, 2.750, 22.527, 3400)
place(-0.155, 1.397, 19.195, "Crook Boss", 1600)
place(-0.284, 1.423, 19.411, "Crook Boss", 1600)
place(-0.118, 1.410, 19.369, "Crook Boss", 1600)
place(-0.185, 1.415, 19.386, "Crook Boss", 1600)
upgrade(-0.185, 2.765, 19.386, 1150)
upgrade(-0.185, 2.765, 19.386, 3400)
place(-2.845, 1.435, 21.237, "Crook Boss", 1600)
upgrade(-2.845, 2.785, 21.237, 1150)
upgrade(-2.845, 2.785, 21.237, 3400)
place(11.342, 0.300, 10.380, "Hacker", 900)
upgrade(11.342, 1.703, 10.380, 125)
upgrade(11.342, 1.703, 10.380, 1337)
upgrade(11.342, 1.703, 10.380, 6500)
upgrade(2.913, 2.717, 22.279, 13500)
upgrade(-0.084, 2.750, 22.527, 13500)
upgrade(3.101, 2.533, 18.967, 13500)
upgrade(-0.185, 2.765, 19.386, 13500)
upgrade(-2.845, 2.785, 21.237, 13500)
upgrade(11.342, 1.703, 10.380, 24000)
place(12.159, 1.066, 20.746, "Crook Boss", 1600)
